2023-03-13_14:23:52, 
30, 
3.04, 
1.79, 
0.87, 
1.00, 
1.21, 
1.22, 
2.62, 
2.63, 
0.60, 
0.60, 
0.99, 
3.30, 
3.32, 
3.35, 
1.80, 
5.08, 
1.06, 
11.68, 
11.62, 
97.02, 
32, 
1.92, 
-48, 
42, 
37, 
42, 
46, 
35, 
32, 
47, 
40, 
0, 
0, 
0, 
0, 
0, 
0, 
50, 
S0/G0:, 
, 
, 
, 
25, 
5670, 
5600, 
14.40, 
86, 
48, 
50, 
44, 
54, 
58, 
52, 
54, 
59, 
53, 
46, 
50, 
47, 
47, 
52, 
48, 
45, 
52, 
47, 
42, 
48, 
44, 
38, 
43, 
40, 
, 
6.84, 
, 
, 
1.90, 
23, 
16, 
0, 
133, 
Device, 
6.15, 
6, 
6.05, 
6.20, 
11.68, 
, 
, 
150, 
11.60, 
11.60, 
, 
25, 
28, 
10, 
90, 
11.68, 
42, 
, 
145, 
230, 
32, 
11.60, 
11.52, 
